
running 1 test
{"event":"source","execution_head":"caed17c3e38faf59312f467f4fc18bdddc4815a2","kernel_source":"crates/mlsirm-core/src/gpu_bifactor.rs","kernel_source_sha256":"6f4cbb7ed77c33951165eb0038b2cf3ed9cd3dc3c3c71d842a58d3e2f164c532","numerical_source":"crates/mlsirm-core/src/two_tier_grm.rs","numerical_source_sha256":"03ec39b9f7d411f44a5df9d97ce61c9d6d12d3bc1e74cef49037b429f9612923","test_source":"tests/unit/two_tier_grm_tests.rs","test_source_sha256":"438a767b494f916b6d66ac1e1a2a8a661b464971871322e8bf505300d6bdfb20"}
{"backtracking_branch":"not instrumented; do not infer acceptance branch","branch_observed":false,"central_fd_max_abs_residual":1.4060007637317629e-9,"changed":true,"convergence":"not applicable","cpu_word_return_bits_equal":true,"current_inplace_ridged_matrix":[[0.23435742232924464,-0.11950617460204647,-0.038618660767181234,0.013627342543634511,0.03787205098901292],[-0.11950628456339206,0.40367071734959037,-0.01855344924917013,-0.019050320757257183,0.01826956713898986],[-0.03861869985431754,-0.018553449812608314,0.9583381325197751,-0.6167847606273862,0.0],[0.013627349857402158,-0.019050240195441284,-0.6167818894509558,1.6874663526773641,-0.6167847606164574],[0.037872073479008894,0.01826964397856623,0.0,-0.6167818894445374,0.9582450921596366]],"direct_objective":5.797779723954829,"event":"item_return_case","fit_executed":false,"gradient":[-0.15092741724268185,0.5776435431791024,0.07557082298901699,-0.011863076372812146,-0.07646961267090834],"input":{"case":0,"counts":[[6.6400540745774506e-21,9.861936208243985e-18,2.99462043377701e-17,1.867963275388036e-18],[1.4540203988242192e-17,2.4979068185639354e-14,4.10259829877851e-14,6.328315516731593e-15],[1.8142536290263176e-15,3.5985496549331832e-12,3.004350346832213e-12,1.0367513694415783e-12],[1.3370490648692448e-14,3.523529051167611e-11,1.1160199650099429e-11,7.487100656899793e-12],[1.17015919257254e-15,5.479601579899404e-12,6.7727419640294e-13,7.313924211081753e-13],[1.4893630313704315e-14,2.002022273711475e-11,1.0503895689866305e-10,1.1413782972109221e-11],[2.4158327462210817e-11,3.716179954091808e-8,1.0692153889027912e-7,2.9040267558825004e-8],[1.2439632394002195e-9,2.1578471506969726e-6,3.004495831911159e-6,1.869142608603627e-6],[1.3693400027609276e-9,3.2567384048877867e-6,1.7798093510618883e-6,2.0859531328688265e-6],[9.883737828157658e-12,4.491961739744652e-8,1.0284601486408413e-8,1.8042346482145995e-8],[1.044135666072808e-10,8.042891129028785e-8,7.362393876637091e-7,1.8872321333126336e-7],[6.864639229605966e-8,0.000059590469920781714,0.0003261322882251592,0.00021218465791020489],[6.417362690107218e-7,0.0006076605824046117,0.0015916389180842259,0.0024520991202987424],[7.656943459060761e-8,0.00010463838651825043,0.00011319764628220604,0.00031211772545131013],[9.308541672544934e-11,2.4329083075725926e-7,1.1177840620528104e-7,4.60944024748969e-7],[3.080190782299834e-9,1.2682064615807453e-6,0.000014446169355296016,9.836291026466652e-6],[3.61528546958326e-7,0.00013450902901086266,0.0010316825334961903,0.0022235453340116165],[4.3224524414414344e-7,0.00015807606456114703,0.0005123115466089619,0.002901520768763126],[9.233764327357468e-9,4.907549535370742e-6,6.416819385306839e-6,0.00006459219139428256],[4.941993583956587e-12,4.737900789937834e-9,2.5386193712225183e-9,4.0520766667999366e-8],[1.0264198199597919e-10,1.56458839188745e-8,1.571373438452317e-7,4.561551635254405e-7],[1.5237489175004463e-9,1.425892615921704e-7,6.967598512234624e-7,9.424009370367582e-6],[3.004193593782593e-10,3.0920462645545696e-8,4.9978037798939946e-8,1.5874710482082073e-6],[2.4701068991771226e-12,3.9867954490194105e-10,2.57545287874755e-10,1.347437909530455e-8],[9.8995470182614e-16,2.877460768937495e-13,7.488937383572797e-14,6.223106154611961e-12],[1.9267350288284588e-16,7.496219633901727e-15,4.2108971677975656e-14,3.0044680575240706e-15],[4.219110271664433e-13,1.8986999856400664e-11,5.7688845511377015e-11,1.0178584385715265e-11],[5.2643939024646684e-11,2.7353166768946334e-9,4.224578922875767e-9,1.6675308418119298e-9],[3.8796962187537723e-10,2.6782922842175727e-8,1.5692958135394286e-8,1.2042396691364475e-8],[3.3954342544696645e-11,4.165135129840277e-9,9.523517449116113e-10,1.1763856365314474e-9],[2.246814148916403e-10,8.880302572279258e-9,6.038750142707387e-8,6.442441003163225e-9],[3.644462150125059e-7,0.000016483733891828854,0.00006146980865918945,0.000016391603986248872],[0.000018766104355662234,0.00095714897154443,0.001727301961996945,0.0010550262793547927],[0.00002065750544411935,0.001444580453171004,0.0010232226490106853,0.001177403672972372],[1.491034860456496e-7,0.000019924842952962702,5.912676641834387e-6,0.000010183893723394938],[4.3989841636517966e-7,0.000015388376314703847,0.00009720831083847141,0.000019086079568700278],[0.0002892099201418701,0.011401379941615115,0.04306040858375544,0.0214587977421892],[0.0027036598560385796,0.11626303979056062,0.21014976009733838,0.24798729363627703],[0.0003225900054259488,0.020020348937642676,0.014945888756240013,0.03156529415546262],[3.9217248040411867e-7,0.000046548570626514474,0.000014758501429693994,0.00004661649289339641],[2.96964929122623e-6,0.0000761985246975421,0.0004157406340229998,0.00016132599418783544],[0.00034855405691176745,0.008081798886556213,0.029690386429598592,0.03646858970174278],[0.0004167328823541728,0.009497793359717843,0.014743612785242045,0.047588132703461634],[8.90238417946727e-6,0.0002948636880538024,0.00018466712483060715,0.0010593829996911666],[4.764635953128652e-9,2.846705653167787e-7,7.305792982055898e-8,6.64585152104483e-7],[9.74869084457416e-9,1.9727128427154046e-7,8.191150831147324e-7,7.5244713952476e-7],[1.4472204094858852e-7,1.7978381345195078e-6,3.6320233591833977e-6,0.000015545300065845118],[2.8533114826430348e-8,3.89860963304129e-7,2.605221876851261e-7,2.618600302736742e-6],[2.346048667890163e-10,5.026755039433835e-9,1.3425149281581016e-9,2.222655538693414e-8],[9.402353842518016e-14,3.628049295728814e-12,3.903783414735605e-13,1.0265275501448046e-11],[1.4537183630263843e-13,2.056818334483537e-13,1.6705545901844828e-12,1.5077978523788069e-13],[3.1833116571723254e-10,5.209667182757565e-10,2.288642107161237e-9,5.108141402470149e-10],[3.9719764117593166e-8,7.505182300437863e-8,1.675982440316376e-7,8.368534375870292e-8],[2.927224320822034e-7,7.348718346473004e-7,6.225738174548591e-7,6.043499055768324e-7],[2.5618494771295473e-8,1.1428328836461661e-7,3.778186727282219e-8,5.9037130778920754e-8],[5.4287307566205834e-8,9.06880313071754e-8,4.790545482547889e-7,5.7406300882312036e-8],[0.0000880571442692104,0.00016833631096171552,0.0004876405004783619,0.00014605975435650684],[0.0045342481017697,0.009774661976948047,0.013702700750143454,0.00940096401374114],[0.004991246615285597,0.014752442982275661,0.008117233737147423,0.010491425451533828],[0.0000360262410224604,0.00020347783949945482,0.000046905312700364286,0.0000907450556321208],[0.000034092427048595025,0.00006907240292850849,0.00021575251494362086,0.00003398710313451346],[0.022413965900667337,0.05117633551213358,0.09557198727465586,0.038212267185686856],[0.2095354813227882,0.5218593154908445,0.46642451519541933,0.44159774638511756],[0.025000945257916535,0.08986351648216792,0.03317219545749179,0.056209181360236095],[0.000030393634487524144,0.00020893832853493242,0.00003275629185190352,0.00008301126200560423],[0.00003756591047296824,0.00010767923959470911,0.0002102527675616484,0.000038795825762677614],[0.004409190854833435,0.011420719260852141,0.015015337462665583,0.008770000513569284],[0.005271649482621078,0.013421718738802307,0.007456296397967534,0.011444038600407335],[0.00011261470102543483,0.0004166838904001627,0.00009339181907135775,0.00025476141324198614],[6.027239922920622e-8,4.0227957339042106e-7,3.694763196095793e-8,1.5982005810847976e-7],[1.9962915652400338e-8,7.991561550664474e-8,1.5107923699705795e-7,3.1098529523605074e-8],[2.963550637271337e-7,7.283135081316642e-7,6.698977093357467e-7,6.424849636033156e-7],[5.842878532734554e-8,1.5793468856611423e-7,4.805123742393646e-8,1.082263650794296e-7],[4.804129335949137e-10,2.0363644128991826e-9,2.47616159419296e-10,9.186202626076498e-10],[1.9253702849411504e-13,1.4697414964740883e-12,7.200216817609434e-14,4.242623255254132e-13],[5.679400672900929e-12,2.7317800836917333e-13,2.498409290427135e-12,3.057559926905479e-13],[1.2436592140282137e-8,6.919262053395241e-10,3.4227942843597116e-9,1.0358449860184326e-9],[1.5517755075150724e-6,9.968069220833739e-8,2.5065269486445177e-7,1.6969977317731059e-7],[0.000011436107708510116,9.760260341415039e-7,9.310945111552064e-7,1.2255197539945896e-6],[1.0008657807686009e-6,1.5178628361053134e-7,5.650492881748871e-8,1.1971735135736065e-7],[6.145656406325938e-7,4.352145625567268e-8,1.2545821874918453e-7,1.7667290630473362e-8],[0.0009968609184400278,0.00008078509686627079,0.00012770676909936847,0.00004495116546391249],[0.05133047141917734,0.0046908893876282925,0.003588560915304771,0.0028932288073722622],[0.0565039750762621,0.007079741313853128,0.002125799012958483,0.0032288278417413837],[0.0004078391595779798,0.00009764962104843455,0.000012283897528369667,0.00002792758367096115],[0.0000731285141516774,0.000010746660496250057,0.000012059158240455947,1.2692425177759544e-6],[0.04807812656534551,0.00796229289663377,0.005341850676461787,0.0014270305421657595],[0.44945519394529043,0.08119371344573338,0.02607008793125438,0.01649139184495118],[0.05362721687408289,0.013981455135310582,0.0018541093451900621,0.0020991222049561156],[0.00006519457610259521,0.00003250776266959908,1.8308630465599994e-6,3.1000412943331627e-6],[0.00001784035480414237,7.2051432215299705e-6,4.879608517934691e-6,2.8580063950356587e-7],[0.0020939604087597376,0.0007641948278706907,0.00034848040019736523,0.00006460673812067684],[0.0025035489886691,0.0008980877479832697,0.00017304793576664813,0.00008430581090108994],[0.000053481632606825165,0.000027881577913603582,2.1674650047704697e-6,1.8767734258523636e-6],[2.8623850017416967e-8,2.6917741546870838e-8,8.5749158845837e-10,1.1773605514241295e-9],[1.4837177046401753e-9,1.6541976503648623e-9,1.4284062652233456e-9,5.501588255173383e-11],[2.2026204116072866e-8,1.5075582991414436e-8,6.33367035797634e-9,1.1366092815425646e-9],[4.342643367346937e-9,3.269138191339439e-9,4.5430920854744546e-10,1.9146143182401937e-10],[3.570606556298262e-11,4.215132681827828e-11,2.341132246332105e-12,1.6251155682105398e-12],[1.4310063867908964e-14,3.042262660054224e-14,6.8075766185131945e-16,7.505553037327623e-16],[9.333154630322543e-12,1.0881299443764012e-14,7.378307280653863e-14,1.496727030673306e-14],[2.0437479974488427e-8,2.7560989547562522e-11,1.0108202881423853e-10,5.070635497667317e-11],[2.5500861089604896e-6,3.970507974473493e-9,7.4022803650306045e-9,8.307089433588772e-9],[0.000018793349467635,3.8877329861965695e-8,2.749710160363201e-8,5.999125401555845e-8],[1.6447571907865646e-6,6.045991817870889e-9,1.668704680551476e-9,5.860365785161381e-9],[1.5758466165361928e-7,4.339754695905004e-10,4.839142248779762e-10,6.098104338991963e-11],[0.00025561141099002916,8.055509480771233e-7,4.925872756406629e-7,1.5515502795059075e-7],[0.013161970725837654,0.000046775340255939654,0.000013841705159458838,9.986370583331837e-6],[0.014488541509271442,0.0000705958468671004,8.199577451826828e-6,0.000011144736045502886],[0.0001045766175685287,9.73716042516505e-7,4.7381134613471396e-8,9.63958326851197e-8],[3.4589647938952506e-6,4.062172519129407e-8,1.3046583781600227e-8,5.780105979157635e-10],[0.002274086231275576,0.000030096984458800908,5.779251006546314e-6,6.498669603084393e-7],[0.02125914508621897,0.0003069073146959581,0.000028204753566276724,7.5101480822327715e-6],[0.0025365571461947152,0.00005284905282707784,2.005927149302876e-6,9.559362090319712e-7],[3.0836910349918613e-6,1.2287737220404756e-7,1.980777401978742e-9,1.4117528344708182e-9],[1.405848049703847e-7,9.123510198396792e-9,2.469466509960813e-9,2.6508116767094386e-11],[0.000016500737732684815,9.676614456193743e-7,1.7635854894961324e-7,5.9922992510400235e-9],[0.000019728360235533455,1.137203311003814e-6,8.75758947511754e-8,7.819395657730052e-9],[4.214436860741447e-7,3.530503872317771e-8,1.0969081271827486e-9,1.740714408627259e-10],[2.2556044520290325e-10,3.408458124563646e-11,4.3395832933894924e-13,1.0920063379960375e-13],[3.790663290287577e-12,1.0465208932919037e-12,4.376524160415975e-13,1.9781190482208525e-15],[5.627345626870923e-11,9.537501504485505e-12,1.940586653857874e-12,4.086726170555815e-14],[1.1094764687333183e-11,2.068205948388705e-12,1.3919675906745375e-13,6.884075792742054e-15],[9.122333146454232e-14,2.666685216580608e-14,7.173044594003757e-16,5.843170938891294e-17],[3.655994237725197e-17,1.9246741378977883e-17,2.0857877951233548e-19,2.698652960189892e-20]],"counts_input_sha256":"7a058e0df3ec6e95bde08c52bab725b47176658cb707d0e8c8691147cfafc875","free_primary_dimensions":[0],"item":0,"newton_iter":1,"packed":[0.9,1.1,1.2,0.0,-1.2],"ridge":1e-8,"specific":true},"input_sha256":"7d673228f90c14f8b3ac58b3d34acbee1d5d31646a9fab5ccc4c85172949e291","native_objective":5.797779723954831,"objective_abs_delta":2.6645352591003757e-15,"raw_forward_fd_hessian":[[0.23435741232924465,-0.1195059546793553,-0.038618582592908623,0.013627327916099217,0.037872006009020964],[-0.11950639452473764,0.4036707073495904,-0.01855344812229376,-0.01905048188088898,0.018269413459837125],[-0.038618738941453845,-0.0185534503760465,0.958338122519775,-0.6167905029802467,0.0],[0.013627357171169805,-0.019050159633625385,-0.6167790182745255,1.6874663426773642,-0.6167905029602974],[0.03787209596900487,0.0182697208181426,0.0,-0.6167790182726174,0.9582450821596366]],"returned_objective":5.473760259804523,"returned_params":[0.7496410002651243,-0.3866352532342896,1.0760990256022664,-0.01585532655029729,-1.0961173512844478]}
{"backtracking_branch":"not instrumented; do not infer acceptance branch","branch_observed":false,"central_fd_max_abs_residual":2.2971059915333214e-9,"changed":true,"convergence":"not applicable","cpu_word_return_bits_equal":true,"current_inplace_ridged_matrix":[[0.23987378247240007,-0.17239926434087918,-0.054213760616872435,-0.008102549256192026,-0.03640098723430539,0.013786839959733716],[-0.17239939684660432,0.945097223578272,-0.3121789132115582,0.015610988423481185,0.1959246984990781,-0.033772663940445646],[-0.05421380355336013,-0.3121788397217329,0.5421640001692644,-0.04863145924086098,-0.08427952587139464,0.04467660343759893],[-0.008102605258790418,0.015610864733187067,-0.04863153778532358,0.932016117067779,-0.6167847606305954,0.0],[-0.036400996320028016,0.19592469498001805,-0.08427945208701326,-0.6167818894689536,1.657642389879198,-0.616784760607697],[0.013786864693529457,-0.03377252076469661,0.04467667496579896,0.0,-0.616781889441545,0.9342585372409387]],"direct_objective":6.162884086061463,"event":"item_return_case","fit_executed":false,"gradient":[-0.007540830899915259,0.6826569543067567,0.3362639913273204,0.10532481151543824,0.06985436681211558,-0.11441119477356379],"input":{"case":0,"counts":[[2.543563800117093e-19,4.633523202233977e-22,1.6673711655317293e-17,1.9349155692376644e-19],[6.063660368225773e-16,1.2532726821530018e-18,2.4514765976570514e-14,7.171883480410939e-16],[1.0698984706041368e-13,2.337330869654145e-16,2.547794638555379e-12,1.8214684304144615e-13],[2.822417409993895e-12,5.642084382937896e-15,2.9084226610363088e-11,5.869386664603948e-12],[6.331560753482055e-12,1.0492379108395948e-14,1.2681877988023601e-11,8.830629233041695e-12],[4.744731518908429e-13,4.854716401927536e-16,1.34470877010079e-11,4.1727400027658083e-13],[1.0916671750464428e-9,1.1607877195056633e-12,1.694717610734822e-8,1.4474308978501379e-9],[1.6887111459519551e-7,1.522219642049372e-10,1.1019059815473192e-6,2.8675058802108605e-7],[2.7095770111611895e-6,1.7202763639457935e-9,4.098731842815684e-6,3.911588758916737e-6],[1.1226495018918147e-6,7.737005997399645e-10,2.7908854518780595e-7,7.018291671969635e-7],[2.7114126649806e-9,1.3457007983227577e-12,2.0177302350352358e-8,2.1623897066127187e-9],[5.398450116999418e-6,2.21921024590612e-9,0.00001578940188789525,5.843564148753759e-6],[0.0005271833329663182,1.4726649058822292e-7,0.00039545327449774407,0.0005563051515167853],[0.0023623307131448177,5.90937014312281e-7,0.00035612837366867157,0.0014450568383736916],[0.00008213596325754122,4.672553403351197e-8,4.8219312290265494e-6,0.00002460915395651939],[1.100586956555305e-7,2.2366120714605495e-11,1.072596955399649e-7,4.6675743373576895e-8],[0.00012424547766345617,1.7467210951566654e-8,0.00003118429774929743,0.00005610889547930447],[0.003326328302803224,4.2270936077692404e-7,0.00022261117854362905,0.0011445311567680142],[0.0017427457911821276,3.623381577095603e-7,0.0000447425562137554,0.0003631757538719111],[6.105475617726644e-6,3.555592646945e-9,1.202952675291015e-7,9.971256025208519e-7],[1.2642869632104419e-8,1.6379750293777084e-12,1.050390809306759e-9,1.113541458723698e-9],[2.6490978945343016e-6,3.455427484086922e-10,7.595455631925209e-8,2.28762529562289e-7],[8.28393812720818e-6,1.4272572890933424e-9,1.0897558577341059e-7,6.418259944217456e-7],[5.34963826600909e-7,1.5456403648898584e-10,3.5717920614330224e-9,3.2402187102185973e-8],[4.734663271366e-10,2.7930670816665297e-13,2.250484166707713e-12,2.8600499937984125e-11],[1.3625103628269642e-15,3.164842633521764e-17,2.497411577120157e-14,9.301212039245688e-16],[3.18239522208247e-12,8.425929019102142e-14,3.6096683311329704e-11,3.373518430714598e-12],[5.143960360763934e-10,1.4718065136337504e-11,3.4151747401074093e-9,7.628830599572531e-10],[9.251529277768209e-9,2.7224274176921157e-10,2.586449468353883e-8,1.45103551892415e-8],[5.127385686984482e-9,1.8794490930122608e-10,4.386578063913449e-9,5.651007059914089e-9],[1.3536776630743106e-9,2.5059917966058488e-11,1.4727503950253272e-8,1.065886579205472e-9],[2.8508890029540088e-6,5.623124136510859e-8,0.00001759687384116662,3.419023816986276e-6],[0.00032050484449947447,5.830915339071063e-6,0.0008854471673999727,0.0004817737821200536],[0.0018471954299370437,0.000031491584953921713,0.0015054187279716284,0.002257755798552367],[0.00008845937536067096,2.5586275879788814e-6,0.000029669385146085492,0.00007501781343408293],[2.964037569978916e-6,3.6646880415624474e-8,0.000011724205228453758,1.9520886754007834e-6],[0.004234696333804428,0.000048367131515244936,0.007884800582325083,0.004064899678896486],[0.17025703814106846,0.0016597238838971485,0.11020044701447392,0.17193268353705735],[0.12607392061165812,0.0015923204635338848,0.029558352824805043,0.09193895113167078],[0.0005084689822894148,0.000015843726676465597,0.00009138098992746942,0.0003295378133021451],[0.000026418805294691628,2.57017010451963e-7,0.000028399238485273563,0.000010442602873745074],[0.011796742968291,0.00009955479208379473,0.0053835621741045135,0.006527369249326973],[0.06814731574417192,0.0005995660565443994,0.012039192571629047,0.03616564848399818],[0.005302813758233465,0.00007763423858883316,0.0004994201655987029,0.002328761480501961],[4.804708244415284e-6,1.5163314510828672e-7,3.649797731998197e-7,2.2582149232048116e-6],[2.0713639392254258e-7,2.2688421449942004e-9,7.935194284323998e-8,3.699595268765151e-8],[0.000011008292091593844,1.0207968916136806e-7,1.834173662164784e-6,2.8892380038733703e-6],[7.596663979328407e-6,7.687308037334724e-8,4.72180869011103e-7,1.7605078215084756e-6],[1.264306560836182e-7,2.0151243413655125e-9,4.292792935940585e-9,2.624763032732099e-8],[6.120784063853583e-11,1.8094888455360172e-12,1.4982288225984577e-12,1.4126892908572642e-11],[3.0324743598359833e-13,7.971216920396545e-14,1.8606678924373324e-12,1.6745162830062875e-13],[6.640427214282081e-10,2.0190109403735669e-10,2.5490953190609416e-9,5.672952737556948e-10],[8.2855915787278e-8,2.9086397734262224e-8,1.8667134455277348e-7,9.293850004617256e-8],[6.106225885391811e-7,2.8480020352085687e-7,6.93424279348137e-7,6.71173364469996e-7],[5.344049473916921e-8,4.4290585447320706e-8,4.208153852853488e-8,6.556491417951565e-8],[1.1324399033959242e-7,3.514622353921843e-8,5.335721573548348e-7,6.375376209942986e-8],[0.0001836882844630547,0.00006523888025298575,0.0005431352124757328,0.00016220969977905438],[0.009458497229908032,0.003788178549145912,0.015262102463022943,0.01044043622434526],[0.010411801741956045,0.005717321804554494,0.00904099529513214,0.011651470867148],[0.00007515118124699568,0.00007885800947758814,0.000052243254928091204,0.00010077880998342342],[0.00007111722154641677,0.00002676906840654135,0.00024030569226945697,0.000037745084675089936],[0.046755808157028414,0.019833432283199084,0.1064483191290047,0.04243742853995251],[0.4370935875532483,0.20224702084599702,0.5195047948561357,0.4904255671236914],[0.05215227886951999,0.03482668211866498,0.03694727449917956,0.06242427610151689],[0.00006340149483546847,0.00008097422663996426,0.00003648404002015451,0.00009218988452728164],[0.00007836295063096885,0.00004173118073883327,0.0002341800598415922,0.00004308551166178303],[0.009197626276846393,0.004426109447243113,0.01672412052563214,0.009739706578555272],[0.010996725567124718,0.005201598494035682,0.00830484162906776,0.012709415223998004],[0.0002349156494723494,0.00016148619554427009,0.00010402004231612808,0.0002829305891916229],[1.257289650574823e-7,1.5590379025597494e-7,4.115236514584891e-8,1.774914914697898e-7],[4.16428872353546e-8,3.0971364648518226e-8,1.682724330866151e-7,3.4537119138796574e-8],[6.182003027664683e-7,2.822585185108383e-7,7.461337488173265e-7,7.135250467714277e-7],[1.218831638149426e-7,6.120772266121853e-8,5.3519588759280407e-8,1.2019304198515198e-7],[1.002147279908654e-9,7.891947573615613e-10,2.7579549940313447e-10,1.0201928495979543e-9],[4.016346061777118e-13,5.695995649632832e-13,8.019619550196023e-14,4.711733547289433e-13],[5.257118132896782e-12,1.8362305494342445e-11,1.0514480149405248e-11,2.008161042225952e-12],[9.381031129477605e-9,3.9722299151573696e-8,1.2191983075848408e-8,5.4941244767271215e-9],[5.866806986868121e-7,3.4288174235284536e-6,4.988194977433103e-7,4.2065638334342783e-7],[9.068299310062417e-7,0.000010223849136627308,7.03282466196075e-7,7.941206789687072e-7],[1.3076111330604862e-8,3.087840467218925e-7,1.3880747848336662e-8,2.1404232580898973e-8],[5.123445988136221e-7,4.011056134131479e-6,1.4253682304834946e-6,1.9088620107460501e-7],[0.00041522116718822823,0.004421429010389393,0.0009285999218920423,0.0002615214098924088],[0.004934695360242509,0.08151870894719832,0.009371363173769852,0.004394265355668943],[0.0008427271915403589,0.02321865514864664,0.0016445351655457526,0.0011942417377680036],[1.7970019692349137e-6,0.00007695697672965409,3.1853114142221623e-6,4.256663579319378e-6],[0.00004439422171782191,0.0008164302712806264,0.0002769046401599203,0.00002496578275491289],[0.007390881683800072,0.1821753408677701,0.046636704499675115,0.008973458508070622],[0.012202391079248958,0.35457989952668967,0.05506091554261426,0.023212305618483097],[0.0003839696139641762,0.013712436937089576,0.001205583759986145,0.001068174745682489],[2.7727715408582985e-7,0.000014752872143065988,6.074584084889259e-7,1.0333192022751043e-6],[4.310077537237225e-6,0.00017979623659227474,0.00009939719113641804,6.9895858530979325e-6],[0.00011232156951598618,0.003502264634318465,0.0014128499385944588,0.00038019012061704454],[0.00003408349446379281,0.0009732627981988665,0.00018396004116511005,0.00013961971722412585],[3.6099850384713315e-7,0.000013526275667401159,1.1886722126679246e-6,1.7758947407153682e-6],[1.6042681054691175e-10,1.0063912816849567e-8,3.716219901206322e-10,9.48543322032978e-10],[2.5517971855433157e-10,7.604466655809432e-9,1.0331960995111214e-8,1.4390713432649553e-9],[1.0466230694825055e-9,1.851006096657019e-8,9.369502803231913e-9,6.289830064614736e-9],[8.240833027882022e-11,1.756950525839606e-9,3.3822840109553396e-10,4.864970893276132e-10],[5.011546271461349e-13,1.6796107372431225e-11,1.4079966913817906e-12,3.3276834472705825e-12],[1.8909902219954947e-16,1.1308095291127306e-14,3.8643359708534394e-16,1.4640965284086661e-15],[4.831219508186917e-12,4.3084726819902913e-10,3.4227588922126616e-12,9.937349310712588e-13],[4.401882662993971e-9,5.564159324010686e-7,2.355170762440442e-9,1.3798753858261578e-9],[5.777608277745564e-8,0.000014669648416150947,3.282083042926674e-8,2.4727214360245348e-8],[1.1983247597249325e-8,7.729243002100865e-6,1.3654953553604198e-8,1.0460289823234084e-8],[4.338629934894502e-11,5.290138259009334e-8,8.702402095309688e-11,1.0086915686442305e-10],[4.712880983475888e-8,0.000021637836838262687,1.592575100058049e-7,1.4784213772392186e-8],[8.110892278714376e-6,0.006710834881896321,0.000034346841963844754,5.0608365766864385e-6],[0.000012722464847176686,0.020148534395541973,0.0000805049810619625,0.00001600709972543289],[5.016350745289569e-7,0.0011283326402183288,4.136108441877081e-6,1.4956274889698026e-6],[5.974602590384112e-10,1.5180938343469381e-6,3.699111412695365e-9,3.3869309031175295e-9],[2.592768412727787e-7,0.0005654490007328976,0.000010110840608712375,3.2514703428904566e-7],[6.586204856255452e-6,0.018685843290876462,0.00029559080653449943,0.000020900344354118255],[2.2379582281268755e-6,0.006720477058793301,0.0000834574435395389,0.000014400435149782116],[3.448048359146164e-8,0.00010448001489625926,8.574384424319416e-7,3.787218979385098e-7],[2.0605759019969848e-11,8.175421922835878e-8,3.2195405034067284e-10,3.106471817660685e-10],[2.0418743763325986e-9,7.4012902931348095e-6,6.157333524369083e-7,2.1440787702134602e-8],[1.0743650402453138e-8,0.0000266312998398189,1.4501632499022103e-6,2.1121298564681458e-7],[1.2173012187236731e-9,2.731852636806029e-6,8.302347999571421e-8,3.44988498921268e-8],[9.55367720283054e-12,2.689092003802244e-8,4.0719030764221157e-10,3.4845275956709064e-10],[3.992321506873066e-15,1.8329910179349196e-11,1.1748354241472092e-13,1.7629561839609093e-13],[2.2873350055633154e-14,3.777889191099776e-11,9.555411186294108e-12,1.0987095900032717e-12],[2.5690626362542817e-14,3.154592837731788e-11,3.0406829388386408e-12,1.3451577899949836e-12],[1.2172991011528189e-15,1.9089299885840925e-12,8.2500783714125e-14,7.381672400616466e-14],[6.637266289420409e-18,1.638307209948971e-14,3.1945014418027143e-16,4.690347920851552e-16],[2.456821591091954e-21,1.0788737862538852e-17,8.608218324560774e-20,2.0320859030063296e-19]],"counts_input_sha256":"7a058e0df3ec6e95bde08c52bab725b47176658cb707d0e8c8691147cfafc875","free_primary_dimensions":[0,1],"item":4,"newton_iter":1,"packed":[0.9,0.9,1.1,1.2,0.0,-1.2],"ridge":1e-8,"specific":true},"input_sha256":"325bc7470e9c969ece0d5452597eded8a524b50e4aef6cf24a071fe375b34acd","native_objective":6.1628840860614575,"objective_abs_delta":5.329070518200751e-15,"raw_forward_fd_hessian":[[0.23987377247240008,-0.1723989993294289,-0.05421367474389704,-0.008102437250995242,-0.03640096906286014,0.013786790492142235],[-0.17239952935232947,0.9450972135782719,-0.3121790601912089,0.015611235804069422,0.19592470553719818,-0.033772950291943715],[-0.05421384648984783,-0.31217876623190755,0.5421639901692643,-0.04863130215193578,-0.08427967344015741,0.04467646038119887],[-0.00810266126138881,0.015610741042892949,-0.04863161632978618,0.9320161070677789,-0.6167905029538789,0.0],[-0.03640100540575064,0.195924691460958,-0.08427937830263188,-0.6167790183073119,1.6576423798791982,-0.6167905029400012],[0.013786889427325198,-0.03377237758894758,0.04467674649399899,0.0,-0.6167790182753929,0.9342585272409386]],"returned_objective":5.652905825787849,"returned_params":[-0.5688686732800078,-0.6422966600262822,-0.5810412515238108,1.0323965866543545,0.030306242688706096,-1.0112185111037009]}
{"adapter_backend":"Metal","adapter_name":"Apple M1","batch_contract":"3_then_1","counts_max_abs_delta":0.0,"cross_bits_equal":true,"event":"counts_case","fit_executed":false,"fresh_input":{"initial_input_sha256":"7a058e0df3ec6e95bde08c52bab725b47176658cb707d0e8c8691147cfafc875","thresholds":[[1.325,0.0,-1.2],[1.2,0.0,-1.2],[1.2,0.0,-1.2],[1.2,0.0,-1.2],[1.2,0.0,-1.2],[1.2,0.0,-1.2],[1.2,0.0,-1.2],[1.2,0.0,-1.2],[1.2,0.0,-1.2],[1.2,0.0,-1.2],[1.2,0.0,-1.2],[1.2,0.0,-1.2],[1.2,0.0,-1.2],[1.2,0.0,-1.2],[1.2,0.0,-1.2],[1.2,0.0,-1.2]]},"fresh_input_sha256":"880c465ffb246c916e45d416f7b293ddb49ba2834b62f0e0dd5428555679203d","fresh_params_checked":true,"gh_coords_prior_sha256":"8a1b6f1aa9a9971c4faf273b70e4358e52cd261e61681ab4f3649026eb33e0af","gpu_budget_bytes":1048576,"host_budget_bytes":67108864,"host_budget_semantics":"source-shaped payload/header estimate; not RSS cap","host_source_estimate_bytes":1066384,"input":{"a_primary":[[0.9,0.0],[1.3,0.0],[0.7,0.0],[1.1,0.0],[0.9,0.9],[1.3,0.9],[0.7,0.9],[1.1,0.0],[0.9,0.0],[1.3,0.9],[0.7,0.0],[1.1,0.0],[0.9,0.9],[1.3,0.0],[0.7,0.9],[1.1,0.9]],"a_specific":[1.1,0.8,1.4,1.0,1.1,0.8,1.4,1.0,1.1,0.8,1.4,1.0,1.1,0.8,1.4,1.0],"case":0,"n_cat":4,"n_items":16,"n_persons":4,"n_primary":2,"n_specific":4,"observed":null,"phi":"identity","primary_map":[true,false,true,false,true,false,true,false,true,true,true,true,true,true,true,false,true,false,true,true,true,false,true,false,true,true,true,false,true,true,true,true],"q_primary":5,"q_specific":5,"responses":[0,1,2,3,1,2,3,0,2,3,0,1,3,0,1,2,1,2,3,0,2,3,0,1,3,0,1,2,0,1,2,3,2,3,0,1,3,0,1,2,0,1,2,3,1,2,3,0,3,0,1,2,0,1,2,3,1,2,3,0,2,3,0,1],"specific_map":[0,0,0,0,1,1,1,1,2,2,2,2,3,3,3,3],"thresholds":[[1.2,0.0,-1.2],[1.2,0.0,-1.2],[1.2,0.0,-1.2],[1.2,0.0,-1.2],[1.2,0.0,-1.2],[1.2,0.0,-1.2],[1.2,0.0,-1.2],[1.2,0.0,-1.2],[1.2,0.0,-1.2],[1.2,0.0,-1.2],[1.2,0.0,-1.2],[1.2,0.0,-1.2],[1.2,0.0,-1.2],[1.2,0.0,-1.2],[1.2,0.0,-1.2],[1.2,0.0,-1.2]]},"input_sha256":"7a058e0df3ec6e95bde08c52bab725b47176658cb707d0e8c8691147cfafc875","likelihood_bits_equal":true,"m_step_executed":true,"mass_max_abs_residual":3.552713678800501e-15,"short_batch_budget_bytes":89876}
{"cpu_mass_loss_likelihood_finite":false,"event":"counts_rejections","finite_input_overflow_mass_loss_rejected":true,"fit_executed":false,"insufficient_budget_bytes":72947,"insufficient_budget_rejected":true,"m_step_executed":false,"mass_loss_error":"nonfinite GPU-derived f64 likelihood","mass_loss_responses_all_zero":true,"mass_loss_thresholds":[1e+308,0.0,-1e+308],"validation_case_names":["observed_category","response_shape","mask_shape","primary_map_shape","specific_map_range"],"validation_cases":5,"validation_rejected":[true,true,true,true,true]}
{"backtracking_branch":"not instrumented; do not infer acceptance branch","branch_observed":false,"central_fd_max_abs_residual":1.18302539986459e-9,"changed":true,"convergence":"not applicable","cpu_word_return_bits_equal":true,"current_inplace_ridged_matrix":[[0.44345890060881654,-0.09040585554412338,-0.01789485527259327,0.20522181854165653],[-0.09040585382223686,0.9892886962497562,-0.6167847606375343,0.0],[-0.017894821939534733,-0.6167818894703414,0.8591122678116561,0.0],[0.2052218173134723,0.0,0.0,0.22142482512776865]],"direct_objective":3.649905819926634,"event":"item_return_case","fit_executed":false,"gradient":[-0.46339122420849305,0.03512571647945245,0.9106018636216116,-0.602768532897205],"input":{"case":1,"counts":[[5.883957851922382e-15,2.9777341143484766e-9,0.0,1.0354037195050806e-15],[8.679214121106484e-10,0.00010269901393574115,0.0,2.484913196854583e-8],[3.2287393259000186e-7,0.003276616104041156,0.0,0.0008316033926563022],[8.272194954801411e-7,0.00021265604623263386,0.0,0.03175573841878871],[5.230268334356002e-9,3.06062829686771e-8,0.0,0.0003598965634699123],[2.847053093349375e-10,4.6874243670764504e-7,0.0,2.784333801018568e-12],[0.00002092905267955846,0.010766389289670377,0.0,0.00002516379942308403],[0.0024794972736062147,0.2108686238864194,0.0,0.13695513133540635],[0.0010707601822317581,0.006032600536877809,0.0,0.49613416076569655],[3.936077365281102e-7,2.8665514729805366e-7,0.0,0.00032746443526309387],[3.302706642654155e-7,4.454192541574515e-6,0.0,2.3413966359450866e-10],[0.008750015272380523,0.05628366765681071,0.0,0.0003678856648077057],[0.25567707660176653,0.5795191037366189,0.0,0.24962586352943242],[0.012015143660353077,0.007433332317717572,0.0,0.07659706041271092],[4.4513944540019594e-7,1.5065912740379036e-7,0.0,7.91054563695506e-6],[0.000021971434850142013,3.622171157124377e-6,0.0,8.115923057668638e-10],[0.14100474240930605,0.02187867935082603,0.0,0.0001256781990169033],[0.5246284859656037,0.10190119229184574,0.0,0.006560060005353947],[0.0032812761039594063,0.0006671397897842916,0.0,0.0003244050764480114],[1.9064998584576706e-8,7.278741892933155e-9,0.0,7.928344224761018e-9],[0.00005854048982497528,1.5209007238632085e-7,0.0,4.964224866812678e-11],[0.0367506401839097,0.0003233935941641368,0.0,3.078428629258272e-7],[0.014224714484409663,0.0007221125584098875,0.0,1.6189211657113113e-6],[0.000013862300543556314,2.6184317071883167e-6,0.0,1.721604679660477e-8],[2.540148130496942e-11,2.169553167662029e-11,0.0,1.7810082114775422e-13]],"counts_input_sha256":"0bd1772a4c5d4b13a66c5e9ce0c8d55b15c9f0b788b27b1fd3242bd3a8d6763c","free_primary_dimensions":[0],"item":0,"newton_iter":1,"packed":[0.9,1.2,0.0,-1.2],"ridge":1e-8,"specific":false},"input_sha256":"c55d186ec746550c531ed8a3f9c27ec59484c1aeeeb3187c8882cb0c6d9a4e8d","native_objective":3.649905819926635,"objective_abs_delta":8.881784197001252e-16,"raw_forward_fd_hessian":[[0.44345889060881655,-0.09040585898789642,-0.01789492193871034,0.20522182099802497],[-0.09040585210035033,0.9892886862497562,-0.6167905029719201,0.0],[-0.017894788606476197,-0.6167790183031485,0.859112257811656,0.0],[0.20522181608528808,0.0,0.0,0.22142481512776865]],"returned_objective":3.1798255155779214,"returned_params":[0.7582078809832666,1.0025312300822662,-0.28823480809630303,-0.7]}
{"adapter_backend":"Metal","adapter_name":"Apple M1","batch_contract":"3_then_1","counts_max_abs_delta":0.0,"cross_bits_equal":true,"event":"counts_case","fit_executed":false,"fresh_input":{"initial_input_sha256":"0bd1772a4c5d4b13a66c5e9ce0c8d55b15c9f0b788b27b1fd3242bd3a8d6763c","thresholds":[[1.325,0.0,-1.2],[1.2,0.0,-1.2],[1.2,0.0,-1.2],[1.2,0.0,-1.2],[1.2,0.0,-1.2],[1.2,0.0,-1.2],[1.2,0.0,-1.2],[1.2,0.0,-1.2],[1.2,0.0,-1.2],[1.2,0.0,-1.2],[1.2,0.0,-1.2],[1.2,0.0,-1.2],[1.2,0.0,-1.2],[1.2,0.0,-1.2],[1.2,0.0,-1.2],[1.2,0.0,-1.2]]},"fresh_input_sha256":"d07e68a898eadd16ee8df79a17af2f2ae45f35e7a17f19cc10b2907a3098ce9e","fresh_params_checked":true,"gh_coords_prior_sha256":"8a1b6f1aa9a9971c4faf273b70e4358e52cd261e61681ab4f3649026eb33e0af","gpu_budget_bytes":1048576,"host_budget_bytes":67108864,"host_budget_semantics":"source-shaped payload/header estimate; not RSS cap","host_source_estimate_bytes":979984,"input":{"a_primary":[[0.9,0.0],[-1.3,0.0],[0.7,0.0],[1.1,0.0],[0.9,0.9],[1.3,0.9],[0.7,0.9],[1.1,0.0],[0.9,0.0],[1.3,0.9],[0.7,0.0],[1.1,0.0],[0.9,0.9],[1.3,0.0],[0.7,0.9],[1.1,0.9]],"a_specific":[null,0.8,1.4,1.0,1.1,0.8,1.4,1.0,1.1,0.8,1.4,1.0,1.1,0.8,1.4,null],"case":1,"n_cat":4,"n_items":16,"n_persons":4,"n_primary":2,"n_specific":4,"observed":[true,false,true,true,true,true,true,true,true,true,true,true,true,true,true,true,true,true,true,true,false,false,false,false,true,true,true,true,true,true,true,true,false,false,false,false,false,false,false,false,false,false,false,false,false,false,false,false,true,true,true,true,true,true,true,true,true,true,true,true,true,true,true,true],"phi":"identity","primary_map":[true,false,true,false,true,false,true,false,true,true,true,true,true,true,true,false,true,false,true,true,true,false,true,false,true,true,true,false,true,true,true,true],"q_primary":5,"q_specific":5,"responses":[0,18446744073709551615,2,3,1,2,3,0,2,3,0,1,3,0,1,2,1,2,3,0,2,3,0,1,3,0,1,2,0,1,2,3,2,3,0,1,3,0,1,2,0,1,2,3,1,2,3,0,3,0,1,2,0,1,2,3,1,2,3,0,2,3,0,1],"specific_map":[-1,0,0,0,1,1,1,1,2,2,2,2,3,3,3,-1],"thresholds":[[1.2,0.0,-1.2],[1.2,0.0,-1.2],[1.2,0.0,-1.2],[1.2,0.0,-1.2],[1.2,0.0,-1.2],[1.2,0.0,-1.2],[1.2,0.0,-1.2],[1.2,0.0,-1.2],[1.2,0.0,-1.2],[1.2,0.0,-1.2],[1.2,0.0,-1.2],[1.2,0.0,-1.2],[1.2,0.0,-1.2],[1.2,0.0,-1.2],[1.2,0.0,-1.2],[1.2,0.0,-1.2]]},"input_sha256":"0bd1772a4c5d4b13a66c5e9ce0c8d55b15c9f0b788b27b1fd3242bd3a8d6763c","likelihood_bits_equal":true,"m_step_executed":true,"mass_max_abs_residual":2.220446049250313e-15,"short_batch_budget_bytes":83468}
{"backtracking_branch":"not instrumented; do not infer acceptance branch","branch_observed":false,"central_fd_max_abs_residual":4.139624198984393e-10,"changed":true,"convergence":"not applicable","cpu_word_return_bits_equal":true,"current_inplace_ridged_matrix":[[0.011568207858836946,-0.0022508421483428964,-3.0794811145540275e-9,0.0011254189738983678],[-0.002250842412237705,0.9722744655337725,-0.6167847606243504,0.0],[-1.5397405572770138e-9,-0.6167818894526472,0.8660881284341384,0.0],[0.0011254201539006442,0.0,0.0,0.17774867778452744]],"direct_objective":4.246769603695653,"event":"item_return_case","fit_executed":false,"gradient":[0.011668121012429138,0.10486287906300933,0.9310127606933347,-0.7679378198781723],"input":{"case":2,"counts":[[6.782246722218621e-10,6.782246722218669e-10,0.0,6.782246722218669e-10],[0.004744258702416717,0.004744258702416701,0.0,0.004744258702416683],[0.9905114812387188,0.9905114812387188,0.0,0.9905114812387188],[0.004744258702416717,0.004744258702416717,0.0,0.004744258702416683],[6.782246722218669e-10,6.782246722218717e-10,0.0,6.782246722218573e-10]],"counts_input_sha256":"e7deaac3d8ba4510c10582815e7ab9666e882c63931e63af1e2604b551f93103","free_primary_dimensions":[0],"item":0,"newton_iter":1,"packed":[0.9,1.2,0.0,-1.2],"ridge":1e-8,"specific":false},"input_sha256":"d98c8311f04939060531c101f15076a964f3658cb549572a6d4e16b41ffc3c6c","native_objective":4.246769603695654,"objective_abs_delta":8.881784197001252e-16,"raw_forward_fd_hessian":[[0.011568197858836947,-0.002250841620553279,-6.158962229108055e-9,0.0011254166138938149],[-0.002250842676132514,0.9722744555337725,-0.6167905029677567,0.0],[0.0,-0.6167790182809441,0.8660881184341384,0.0],[0.0011254213339029207,0.0,0.0,0.17774866778452744]],"returned_objective":3.654993489305043,"returned_params":[0.7023981387631866,1.0328612843419829,-0.24312273603538448,-0.7]}
{"case":"zero_weights","convergence":"not applicable","coords":[1.0],"counts":[[0.0,0.0,0.0]],"counts_domain":"finite nonnegative; malformed private counts not executed","event":"zero_weight_boundary_case","fit_executed":false,"gradient_finite":true,"independent_objective":0.0,"independent_objective_finite":true,"native_objective_is_nan":false,"native_objective_positive_inf":false,"packed":[1.0,1e-18,0.0],"returned_unchanged":true}
{"case":"mixed_supported_weight","convergence":"not applicable","coords":[1.0],"counts":[[1.0,0.0,0.0]],"counts_domain":"finite nonnegative; malformed private counts not executed","event":"zero_weight_boundary_case","fit_executed":false,"gradient_finite":true,"independent_objective":1.3132616875182228,"independent_objective_finite":true,"native_objective_is_nan":false,"native_objective_positive_inf":false,"packed":[1.0,1e-18,0.0],"returned_unchanged":true}
{"case":"positive_impossible_weight","convergence":"not applicable","coords":[1.0],"counts":[[0.0,1.0,0.0]],"counts_domain":"finite nonnegative; malformed private counts not executed","event":"zero_weight_boundary_case","fit_executed":false,"gradient_finite":false,"independent_objective":null,"independent_objective_finite":false,"native_objective_is_nan":false,"native_objective_positive_inf":true,"packed":[1.0,1e-18,0.0],"returned_unchanged":true}
{"convergence":"not applicable","coords":[1.0],"counts":[[0.0,0.0,0.0]],"direct_zero_count_objective":0.0,"event":"zero_count_legal_zero_probability_observation","fit_executed":false,"native_gradient":[-0.0,-0.0,-0.0],"native_objective_finite":true,"native_objective_is_nan":false,"packed":[1.0,1e-18,0.0],"production_modified":false,"returned_unchanged":true}
{"adapter_backend":"Metal","adapter_name":"Apple M1","batch_contract":"3_then_1","counts_max_abs_delta":0.0,"cross_bits_equal":true,"event":"counts_case","fit_executed":false,"fresh_input":{"initial_input_sha256":"e7deaac3d8ba4510c10582815e7ab9666e882c63931e63af1e2604b551f93103","thresholds":[[1.325,0.0,-1.2],[1.2,0.0,-1.2],[1.2,0.0,-1.2],[1.2,0.0,-1.2],[1.2,0.0,-1.2],[1.2,0.0,-1.2],[1.2,0.0,-1.2],[1.2,0.0,-1.2],[1.2,0.0,-1.2],[1.2,0.0,-1.2],[1.2,0.0,-1.2],[1.2,0.0,-1.2],[1.2,0.0,-1.2],[1.2,0.0,-1.2],[1.2,0.0,-1.2],[1.2,0.0,-1.2]]},"fresh_input_sha256":"a7065699e034aa61dc06e3f66ccaf75662141fc8fc9dc353bddcc222f2eb1973","fresh_params_checked":true,"gh_coords_prior_sha256":"9f66edccdb7b18cc24a8fbab5aba2ffe425b917123f21deddde8635b0242b502","gpu_budget_bytes":1048576,"host_budget_bytes":67108864,"host_budget_semantics":"source-shaped payload/header estimate; not RSS cap","host_source_estimate_bytes":103824,"input":{"a_primary":[[0.9],[1.3],[0.7],[1.1],[0.9],[1.3],[0.7],[1.1],[0.9],[1.3],[0.7],[1.1],[0.9],[1.3],[0.7],[1.1]],"a_specific":[null,null,null,null,null,null,null,null,null,null,null,null,null,null,null,null],"case":2,"n_cat":4,"n_items":16,"n_persons":4,"n_primary":1,"n_specific":0,"observed":[true,true,true,true,true,true,true,true,true,true,true,true,true,true,true,true,true,true,true,true,true,true,true,true,true,true,true,true,true,true,true,true,false,false,false,false,false,false,false,false,false,false,false,false,false,false,false,false,true,true,true,true,true,true,true,true,true,true,true,true,true,true,true,true],"phi":"identity","primary_map":[true,true,true,true,true,true,true,true,true,true,true,true,true,true,true,true],"q_primary":5,"q_specific":5,"responses":[0,1,2,3,1,2,3,0,2,3,0,1,3,0,1,2,1,2,3,0,2,3,0,1,3,0,1,2,0,1,2,3,2,3,0,1,3,0,1,2,0,1,2,3,1,2,3,0,3,0,1,2,0,1,2,3,1,2,3,0,2,3,0,1],"specific_map":[-1,-1,-1,-1,-1,-1,-1,-1,-1,-1,-1,-1,-1,-1,-1,-1],"thresholds":[[1.2,0.0,-1.2],[1.2,0.0,-1.2],[1.2,0.0,-1.2],[1.2,0.0,-1.2],[1.2,0.0,-1.2],[1.2,0.0,-1.2],[1.2,0.0,-1.2],[1.2,0.0,-1.2],[1.2,0.0,-1.2],[1.2,0.0,-1.2],[1.2,0.0,-1.2],[1.2,0.0,-1.2],[1.2,0.0,-1.2],[1.2,0.0,-1.2],[1.2,0.0,-1.2],[1.2,0.0,-1.2]]},"input_sha256":"e7deaac3d8ba4510c10582815e7ab9666e882c63931e63af1e2604b551f93103","likelihood_bits_equal":true,"m_step_executed":true,"mass_max_abs_residual":1.5543122344752192e-15,"short_batch_budget_bytes":3292}
counts_contract_positive_cases=3, rejected_cases=7, fit=false, m_step=true
test two_tier_grm::tests::reference_gpu_fixed_bank_kernel_profile ... ok

test result: ok. 1 passed; 0 failed; 0 ignored; 0 measured; 1269 filtered out; finished in 0.08s

